a = 10; 
b = -9.81; 
c = 32.2;
